--------------------------------------------------------------------------------
Command:            prog
Massif arguments:   (none)
ms_print arguments: massif.out.27164
--------------------------------------------------------------------------------


    MB
9.728^                                                                       #
     |                  :::::::::::::::::::::::::::::::::::::::::::::::::::::#
     |                  :                                                    #
     |                  :                                                    #
     |                  :                                                    #
     |                  :                                                    #
     |                  :                                                    #
     |                  :                                                    #
     |                  :                                                    #
     |                  :                                                    #
     |                  :                                                    #
     |    :::::::::::::::                                                    #
     |    :             :                                                    #
     |    :             :                                                    #
     |    :             :                                                    #
     |    :             :                                                    #
     | ::::             :                                                    #
     | :  :             :                                                    #
     |::  :             :                                                    #
     |::  :             :                                                    #
   0 +----------------------------------------------------------------------->Gi
     0                                                                   122.1

Number of snapshots: 83
 Detailed snapshots: [6, 40 (peak), 53, 63, 73]

--------------------------------------------------------------------------------
  n        time(i)         total(B)   useful-heap(B) extra-heap(B)    stacks(B)
--------------------------------------------------------------------------------
  0              0                0                0             0            0
  1        183,020           39,640           23,784        15,856            0
  2      6,214,984           40,160           24,096        16,064            0
  3      6,494,411          119,840           71,904        47,936            0
  4     30,548,000          120,160           72,096        48,064            0
  5     31,106,161          280,120          168,072       112,048            0
  6    127,209,413          280,160          168,096       112,064            0
60.00% (168,096B) (heap allocation functions) malloc/new/new[], --alloc-fns, etc.
->34.27% (96,000B) 0x40099F: addBackList (linkedList.c:195)
| ->34.27% (96,000B) 0x400B37: addList (linkedList.c:283)
|   ->34.27% (96,000B) 0x400C99: main (linkedListMain.c:22)
|     
->25.71% (72,024B) 0x400791: _removeLink (linkedList.c:88)
| ->25.71% (72,024B) 0x40082B: freeLinkedList (linkedList.c:124)
|   ->25.71% (72,024B) 0x400895: deleteLinkedList (linkedList.c:140)
|     ->25.71% (72,024B) 0x400D16: main (linkedListMain.c:36)
|       
->00.03% (72B) in 1+ places, all below ms_print's threshold (01.00%)

--------------------------------------------------------------------------------
  n        time(i)         total(B)   useful-heap(B) extra-heap(B)    stacks(B)
--------------------------------------------------------------------------------
  7    128,325,574          600,120          360,072       240,048            0
  8    512,528,825          600,160          360,096       240,064            0
  9    513,934,531          851,200          510,720       340,480            0
 10    514,760,986        1,240,120          744,072       496,048            0
 11  2,051,164,514        1,240,160          744,096       496,064            0
 12  2,052,574,756        1,240,160          744,096       496,064            0
 13  2,053,356,965        1,451,080          870,648       580,432            0
 14  2,054,682,965        2,075,080        1,245,048       830,032            0
 15  2,055,628,675        2,520,120        1,512,072     1,008,048            0
 16  8,200,432,203        2,520,160        1,512,096     1,008,064            0
 17  8,201,842,279        2,520,120        1,512,072     1,008,048            0
 18  8,203,335,579        2,520,120        1,512,072     1,008,048            0
 19  8,204,946,399        3,002,960        1,801,776     1,201,184            0
 20  8,205,838,899        3,422,960        2,053,776     1,369,184            0
 21  8,206,837,649        3,892,960        2,335,776     1,557,184            0
 22  8,207,942,649        4,412,960        2,647,776     1,765,184            0
 23  8,209,360,364        5,080,120        3,048,072     2,032,048            0
 24 32,786,964,135        5,080,160        3,048,096     2,032,064            0
 25 32,788,428,550        5,080,160        3,048,096     2,032,064            0
 26 32,789,927,300        5,080,160        3,048,096     2,032,064            0
 27 32,791,488,725        5,080,160        3,048,096     2,032,064            0
 28 32,793,069,225        5,080,160        3,048,096     2,032,064            0
 29 32,794,715,326        5,444,840        3,266,904     2,177,936            0
 30 32,795,569,576        5,846,840        3,508,104     2,338,736            0
 31 32,796,457,826        6,264,840        3,758,904     2,505,936            0
 32 32,797,401,326        6,708,840        4,025,304     2,683,536            0
 33 32,798,395,826        7,176,840        4,306,104     2,870,736            0
 34 32,799,496,576        7,694,840        4,616,904     3,077,936            0
 35 32,800,610,076        8,218,840        4,931,304     3,287,536            0
 36 32,801,931,826        8,840,840        5,304,504     3,536,336            0
 37 32,803,334,326        9,500,840        5,700,504     3,800,336            0
 38 32,804,820,296       10,200,120        6,120,072     4,080,048            0
 39 131,112,024,306       10,200,160        6,120,096     4,080,064            0
 40 131,112,024,358       10,200,160        6,120,096     4,080,064            0
60.00% (6,120,096B) (heap allocation functions) malloc/new/new[], --alloc-fns, etc.
->30.12% (3,072,000B) 0x40099F: addBackList (linkedList.c:195)
| ->30.12% (3,072,000B) 0x400B37: addList (linkedList.c:283)
|   ->30.12% (3,072,000B) 0x400C99: main (linkedListMain.c:22)
|     
->29.88% (3,048,024B) 0x400791: _removeLink (linkedList.c:88)
| ->29.88% (3,048,024B) 0x40082B: freeLinkedList (linkedList.c:124)
|   ->29.88% (3,048,024B) 0x400895: deleteLinkedList (linkedList.c:140)
|     ->29.88% (3,048,024B) 0x400D16: main (linkedListMain.c:36)
|       
->00.00% (72B) in 1+ places, all below ms_print's threshold (01.00%)

--------------------------------------------------------------------------------
  n        time(i)         total(B)   useful-heap(B) extra-heap(B)    stacks(B)
--------------------------------------------------------------------------------
 41 131,113,488,555       10,200,120        6,120,072     4,080,048            0
 42 131,114,973,680       10,200,120        6,120,072     4,080,048            0
 43 131,116,464,255       10,200,120        6,120,072     4,080,048            0
 44 131,117,960,280       10,200,120        6,120,072     4,080,048            0
 45 131,119,518,980       10,200,120        6,120,072     4,080,048            0
 46 131,121,096,755       10,200,120        6,120,072     4,080,048            0
 47 131,122,707,230       10,200,120        6,120,072     4,080,048            0
 48 131,124,353,130       10,200,120        6,120,072     4,080,048            0
 49 131,125,974,505       10,200,120        6,120,072     4,080,048            0
 50 131,125,974,562       10,200,160        6,120,096     4,080,064            0
 51 131,125,974,614       10,200,120        6,120,072     4,080,048            0
 52 131,125,974,671       10,200,160        6,120,096     4,080,064            0
 53 131,125,974,723       10,200,120        6,120,072     4,080,048            0
60.00% (6,120,072B) (heap allocation functions) malloc/new/new[], --alloc-fns, etc.
->60.00% (6,119,664B) 0x400791: _removeLink (linkedList.c:88)
| ->60.00% (6,119,664B) 0x40082B: freeLinkedList (linkedList.c:124)
|   ->60.00% (6,119,664B) 0x400895: deleteLinkedList (linkedList.c:140)
|     ->60.00% (6,119,664B) 0x400D16: main (linkedListMain.c:36)
|       
->00.00% (408B) in 1+ places, all below ms_print's threshold (01.00%)

--------------------------------------------------------------------------------
  n        time(i)         total(B)   useful-heap(B) extra-heap(B)    stacks(B)
--------------------------------------------------------------------------------
 54 131,125,974,780       10,200,160        6,120,096     4,080,064            0
 55 131,125,974,832       10,200,120        6,120,072     4,080,048            0
 56 131,125,974,889       10,200,160        6,120,096     4,080,064            0
 57 131,125,974,941       10,200,120        6,120,072     4,080,048            0
 58 131,125,974,998       10,200,160        6,120,096     4,080,064            0
 59 131,125,975,050       10,200,120        6,120,072     4,080,048            0
 60 131,125,975,107       10,200,160        6,120,096     4,080,064            0
 61 131,125,975,159       10,200,120        6,120,072     4,080,048            0
 62 131,125,975,216       10,200,160        6,120,096     4,080,064            0
 63 131,125,975,268       10,200,120        6,120,072     4,080,048            0
60.00% (6,120,072B) (heap allocation functions) malloc/new/new[], --alloc-fns, etc.
->60.00% (6,119,784B) 0x400791: _removeLink (linkedList.c:88)
| ->60.00% (6,119,784B) 0x40082B: freeLinkedList (linkedList.c:124)
|   ->60.00% (6,119,784B) 0x400895: deleteLinkedList (linkedList.c:140)
|     ->60.00% (6,119,784B) 0x400D16: main (linkedListMain.c:36)
|       
->00.00% (288B) in 1+ places, all below ms_print's threshold (01.00%)

--------------------------------------------------------------------------------
  n        time(i)         total(B)   useful-heap(B) extra-heap(B)    stacks(B)
--------------------------------------------------------------------------------
 64 131,125,975,325       10,200,160        6,120,096     4,080,064            0
 65 131,125,975,377       10,200,120        6,120,072     4,080,048            0
 66 131,125,975,434       10,200,160        6,120,096     4,080,064            0
 67 131,125,975,486       10,200,120        6,120,072     4,080,048            0
 68 131,125,975,543       10,200,160        6,120,096     4,080,064            0
 69 131,125,975,595       10,200,120        6,120,072     4,080,048            0
 70 131,125,975,652       10,200,160        6,120,096     4,080,064            0
 71 131,125,975,704       10,200,120        6,120,072     4,080,048            0
 72 131,125,975,761       10,200,160        6,120,096     4,080,064            0
 73 131,125,975,813       10,200,120        6,120,072     4,080,048            0
60.00% (6,120,072B) (heap allocation functions) malloc/new/new[], --alloc-fns, etc.
->60.00% (6,119,904B) 0x400791: _removeLink (linkedList.c:88)
| ->60.00% (6,119,904B) 0x40082B: freeLinkedList (linkedList.c:124)
|   ->60.00% (6,119,904B) 0x400895: deleteLinkedList (linkedList.c:140)
|     ->60.00% (6,119,904B) 0x400D16: main (linkedListMain.c:36)
|       
->00.00% (168B) in 1+ places, all below ms_print's threshold (01.00%)

--------------------------------------------------------------------------------
  n        time(i)         total(B)   useful-heap(B) extra-heap(B)    stacks(B)
--------------------------------------------------------------------------------
 74 131,125,975,870       10,200,160        6,120,096     4,080,064            0
 75 131,125,975,922       10,200,120        6,120,072     4,080,048            0
 76 131,125,975,979       10,200,160        6,120,096     4,080,064            0
 77 131,125,976,031       10,200,120        6,120,072     4,080,048            0
 78 131,125,976,088       10,200,160        6,120,096     4,080,064            0
 79 131,125,976,140       10,200,120        6,120,072     4,080,048            0
 80 131,125,976,197       10,200,160        6,120,096     4,080,064            0
 81 131,125,976,249       10,200,120        6,120,072     4,080,048            0
 82 131,125,976,331       10,200,040        6,120,024     4,080,016            0
